1333735088 79 71
1333735112 76 71
1333735137 74 72
1333735163 76 72
1333735188 73 72
1333735215 76 73
1333735241 62 72
1333735274 72 72
1333735301 76 72
1333735327 75 72
1333735355 63 71
1333735397 66 71
1333735427 80 72
1333735455 74 72
1333735484 76 72
1333735510 74 73
1333735536 83 74
1333735561 65 73
1333735594 67 72
1333735627 66 72
1333735658 61 70
1333735695 68 70
1333735723 67 70
1333735752 65 69
1333735783 67 69
1333735816 64 69
1333735846 69 69
1333735873 64 68
1333735905 70 68
1333735932 66 68
1333735962 67 68
1333735992 67 68
1333736020 70 68
1333736047 70 68
1333736075 67 68
1333736104 67 68
1333736133 64 68
1333736163 65 67
1333736192 68 67
1333736220 71 68
1333736248 68 68
1333736276 69 68
1333736304 64 68
1333736333 66 67
1333736363 66 67
1333736393 67 67
1333736422 68 67
1333736450 69 67
1333736478 67 67
1333736506 66 67
1333736536 71 68
1333736563 70 68
1333736590 68 68
1333736619 72 68
1333736646 71 69
1333736673 73 69
1333736699 74 70
1333736725 72 70
1333736752 69 70
1333736780 67 69
1333736809 73 70
1333736836 71 70
1333736865 72 70
1333736891 69 70
1333736919 71 70
1333736948 69 70
1333736976 73 70
1333737003 63 70
1333737033 64 69
1333737063 63 68
1333737093 65 68
1333737123 71 68
1333737151 65 68
1333737180 70 68
1333737208 65 68
1333737237 68 68
1333737266 72 68
1333737292 83 70
1333737315 76 70
1333737341 80 71
1333737366 74 72
1333737395 79 72
1333737420 74 73
1333737448 71 72
1333737476 76 73
1333737502 76 73
1333737528 77 73
1333737553 68 73
1333737585 75 73
1333737611 76 73
1333737637 86 75
1333737660 75 75
1333737686 74 75
1333737712 73 74
1333737739 74 74
1333737766 79 75
1333737792 77 75
1333737817 79 75
1333737843 76 76
1333737869 84 76
1333737892 75 76
1333737921 77 76
1333737947 69 76
1333737978 68 75
1333738006 76 75
1333738032 76 75
1333738057 73 75
1333738084 81 75
1333738109 77 76
1333738133 83 76
1333738157 80 77
1333738181 66 76
1333738210 65 75
1333738240 61 73
1333738271 62 72
1333738302 64 71
1333738332 62 70
1333738363 60 69
1333738395 62 69
1333738425 69 69
1333738454 69 69
1333738483 65 68
1333738512 61 68
1333738544 60 67
1333738575 63 66
1333738605 63 66
1333738636 86 68
1333738658 69 68
1333738687 64 68
1333738716 60 67
1333738748 61 66
1333738780 57 65
1333738814 62 65
1333738845 61 65
1333738876 63 65
1333738907 56 64
1333738946 57 63
1333738985 50 62
1333739044 63 62
1333739074 61 62
1333739106 63 62
1333739136 63 62
1333739166 62 62
1333739197 62 62
1333739228 63 62
1333739258 62 62
1333739289 59 62
1333739321 62 62
1333739352 64 62
1333739382 67 63
1333739411 63 63
1333739441 63 63
1333739471 63 63
1333739502 66 63
1333739531 84 65
1333739555 80 67
1333739581 71 67
1333739608 69 67
1333739636 67 67
1333739664 71 68
1333739692 62 67
1333739724 64 67
1333739754 65 67
1333739785 74 67
1333739810 71 68
1333739842 74 68
1333739868 70 68
1333739895 70 69
1333739923 69 69
1333739951 73 69
1333739977 72 69
1333740004 71 70
1333740031 66 69
1333740059 66 69
1333740088 67 69
1333740118 73 69
1333740144 67 69
1333740173 65 69
1333740202 63 68
1333740233 68 68
1333740261 65 68
1333740291 67 68
1333740319 71 68
1333740347 63 67
1333740378 72 68
1333740404 69 68
1333740433 72 68
1333740462 64 68
1333740492 59 67
1333740528 64 67
1333740558 73 67
1333740586 81 69
1333740611 76 69
1333740639 78 70
1333740664 61 69
1333740736 70 69
1333740765 59 68
1333740829 51 67
1333741002 72 67
1333741029 71 68
1333741056 72 68
1333741082 59 67
1333741121 73 68
1333741148 63 67
1333741182 67 67
1333741211 62 67
1333741242 66 67
1333741270 67 67
1333741299 67 67
1333741327 70 67
1333741355 64 67
1333741385 69 67
1333741412 53 66
1333741461 65 66
1333741491 77 67
1333741516 70 67
1333741544 71 67
1333741571 69 68
1333741600 73 68
1333741627 65 68
1333741656 68 68
1333741685 68 68
1333741713 70 68
1333741742 70 68
1333741769 73 69
1333741796 75 69
1333741821 73 70
1333741848 75 70
1333741873 76 71
1333741898 75 71
1333741924 75 72
1333741950 70 71
1333741978 71 71
1333742005 74 72
1333742031 66 71
1333742070 74 71
1333742097 75 72
1333742122 82 73
1333742146 81 74
1333742170 70 73
1333742198 76 74
1333742223 77 74
1333742248 75 74
1333742273 77 74
1333742298 82 75
1333742321 80 76
1333742346 88 77
1333742368 95 79
1333742388 90 80
1333742410 90 81
1333742431 88 81
1333742453 85 82
1333742476 85 82
1333742498 91 83
1333742520 90 84
1333742541 90 84
1333742562 96 86
1333742582 93 86
1333742603 94 87
1333742623 100 88
1333742642 89 88
1333742664 88 88
1333742687 80 88
1333742711 77 86
1333742736 87 87
1333742759 91 87
1333742780 86 87
1333742802 84 87
1333742825 84 86
1333742848 84 86
1333742871 82 86
1333742894 86 86
1333742917 89 86
1333742940 93 87
1333742962 78 86
1333742988 86 86
1333743010 91 86
1333743032 98 88
1333743052 96 88
1333743072 97 89
1333743092 90 89
1333743113 93 90
1333743134 90 90
1333743156 85 89
1333743178 85 89
1333743201 76 88
1333743226 81 87
1333743250 91 87
1333743272 96 88
1333743292 87 88
1333743314 77 87
1333743339 75 86
1333743365 82 85
1333743388 82 85
1333743412 79 84
1333743439 84 84
1333743462 86 85
1333743484 76 84
1333743511 78 83
1333743536 81 83
1333743560 87 83
1333743582 76 83
1333743613 83 83
1333743637 81 82
1333743661 82 82
1333743684 77 82
1333743709 76 81
1333743734 60 79
1333743804 65 78
1333743835 70 77
1333743865 68 76
1333743906 71 76
1333743946 72 75
1333743972 68 74
1333744000 70 74
1333744060 69 74
1333744087 67 73
1333744116 66 72
1333744144 73 72
1333744171 67 72
1333744199 65 71
1333744229 64 70
1333744258 96 73
1333744281 81 74
1333744306 79 74
1333744332 68 74
1333744377 70 73
1333744431 84 74
1333744463 85 75
1333744486 90 77
1333744510 77 77
1333744535 74 77
1333744576 79 77
1333744600 78 77
1333744625 88 78
1333744648 78 78
1333744679 70 77
1333744706 70 77
1333744734 69 76
1333744761 72 75
1333744789 72 75
1333744818 72 75
1333744844 71 74
1333744873 71 74
1333744900 67 73
1333744932 77 74
1333744958 68 73
1333744987 67 73
1333745016 67 72
1333745044 68 72
1333745072 70 71
1333745099 63 71
1333745136 62 70
1333745168 65 69
1333745198 68 69
1333745226 69 69
1333745254 72 69
1333745281 78 70
1333745306 68 70
1333745334 61 69
1333745366 79 70
1333745392 65 70
1333745422 62 69
1333745453 68 69
1333745481 61 68
1333745513 61 67
1333745544 65 67
1333745573 87 69
1333745597 67 69
1333745626 64 68
1333745656 63 68
1333745687 62 67
1333745718 65 67
1333745747 73 68
1333745774 69 68
1333745802 68 68
1333745830 66 68
1333745859 63 67
1333745889 67 67
1333745918 68 67
1333745946 61 67
1333745978 71 67
1333746004 65 67
1333746034 66 67
1333746063 62 66
1333746094 71 67
1333746121 76 68
1333746146 75 68
1333746172 68 68
1333746201 58 67
1333746234 63 67
1333746264 61 66
1333746296 65 66
1333746325 61 66
1333746357 62 65
1333746388 60 65
1333746420 64 65
1333746450 61 64
1333746481 65 64
1333746511 58 64
1333746544 62 64
1333746575 76 65
1333746600 72 66
1333746627 81 67
1333746652 80 68
1333746677 94 71
1333746701 94 73
1333746734 75 73
1333746764 76 74
1333746789 68 73
1333746818 83 74
1333746842 81 75
1333746865 89 76
1333746888 79 76
1333746916 84 77
1333746941 98 79
1333746963 107 82
1333746981 106 84
1333747004 80 84
1333747045 82 84
1333747071 99 85
1333747093 117 89
1333747110 110 91
1333747127 108 92
1333747146 105 94
1333747164 89 93
1333747188 84 92
1333747217 79 91
1333747243 72 89
1333747279 85 89
1333747303 94 89
1333747324 88 89
1333747350 87 89
1333747373 92 89
1333747399 107 91
1333747420 83 90
1333747448 88 90
1333747470 77 89
1333747498 81 88
1333747525 82 87
1333747550 81 87
1333747574 82 86
1333747602 88 86
1333747626 88 87
